400
35071093
 5855047
32232091
 8657744
 6643637
39500537
 7574141
29002684
25994173
27272978
 9631614
 9209635
 7783290
27582177
26261766
 2912235
34507920
 5948374
22986593
 8560318
39585399
17770557
27943046
26765794
12689455
19897957
31570879
29511756
39269630
  893226
 2763427
34340722
 6748272
34995518
 2998466
13391909
34496054
10572606
 2394593
20490227
37845584
12026206
29699861
 5628873
39608383
15961627
 8541108
34116302
21910001
31527700
 2676619
21495399
 9298256
30619665
 8261192
21987711
10517621
39832071
11499466
 9787250
  725297
14262893
 4127972
 7473568
 9258410
 7126437
20865477
 3754464
17699043
23260069
24244690
15544627
35286275
13944551
21173500
34894657
29906177
29714607
29010958
11816177
21242306
31687577
33311576
30540562
22307241
 1572768
12528272
32824861
 1404838
24027738
 2612111
 2130134
38290630
 6740082
 9603702
 7549039
13866518
30469179
11303502
31565561
13729247
35548192
 7110187
 9015521
 9492742
28283686
 3910177
39398919
17998292
32921135
11215096
39240598
24608711
 4526671
29781160
 6915951
 6099439
 2309432
39740812
 7504277
26337169
 2352922
 9634411
24627799
 9093003
19238113
32176838
22959521
 9707291
 3480339
14525081
23436537
39028530
21635268
32452058
 8521272
 9918953
36362235
 7920190
27917245
29283369
19135285
27157843
13892079
23661956
16939002
20808030
29761394
19248433
20548841
37265671
 5585602
22901763
 6900081
30213401
31994765
26138193
22390238
14954286
35845483
25870577
29479366
19282020
24899107
11114634
11734078
33420378
21033587
 8096312
 1340567
 8950831
37379680
20475852
36108674
11271759
 4137808
13047676
32079788
33899202
32296109
12628629
31164872
37881710
35530391
38064952
28095110
27525156
24203144
10485348
 2479441
20048627
36355924
31958806
39330647
21255030
 3073440
11064724
14675407
24107026
19161035
16015974
33057856
16540715
36491826
29166530
27812473
  629633
 2214205
19892261
34528834
34510313
32520889
25693705
32392023
28051280
23758657
20487133
15576435
 7961801
30972480
18055875
28010428
27328403
10014681
27341074
 8583433
13088120
38405797
23258840
37195145
17566832
39274814
30253001
34107547
35766639
19419531
21920020
36396272
21633735
 1812281
30925106
16144048
34333169
16618811
 8536071
22384449
  377467
29023203
37960883
 8339267
19995683
16016758
36349695
 7324086
26031439
23690768
15907518
39119558
22096565
39166357
36314703
39663397
38441170
26567704
33770943
34207809
 5987234
15690963
30604080
27620969
17503243
21529185
 3765016
11836412
38147995
12301086
34220860
38525462
 1324289
32181743
 6864729
21319971
 8198500
 3214423
28644056
34229938
26905190
 4551573
33349496
 9001755
 3717930
29664199
 8665151
 2159100
16231902
 2436094
36366908
22219135
18127057
26970988
9840103
35630299
8500173
13605119
7466710
6648167
25906205
1687570
5173629
27230493
33869312
12038357
8550463
2067812
15252779
37194519
36297750
2157969
1746092
29647246
11159724
5464021
19311444
19824875
7623121
35543345
22260969
3990028
17762480
388025
30961016
27602583
36018323
39461188
1207701
3485033
6109355
27113906
5172603
11282983
14344398
39041915
23321340
22894861
1109726
38574118
20089379
37407476
732087
21835470
27054721
11891811
27299491
6366165
31716685
34922611
1909510
13977653
38912639
19671989
14365677
29873655
7274572
10384000
29334842
8482273
13869033
35444196
35596178
19041635
6727179
9940576
18083549
30048518
32835436
19193275
28622636
12924815
16600750
29354723
34760285
3655471
1246533
22059775
10021636
32963217
16982386
11931145
6940869
15895025
31603134
21306546
5768679
38877705
31690546
35103521
7359978
5559578
30547717
2956155